5 0.4319727891 0.6065276519 0.0421768707 0.0435176791
5 0.6714285714 0.4823209429 0.0190476190 0.0371713509
5 0.7401360544 0.5040797824 0.0360544218 0.0244786945
5 0.8197278912 0.5267452403 0.0265306122 0.0317316410
5 0.9204081633 0.4378966455 0.0170068027 0.0235720762
3 0.3564625850 0.5004533092 0.0414965986 0.0335448776
3 0.8312925170 0.8023572076 0.0530612245 0.0861287398
3 0.2911564626 0.5729827743 0.0476190476 0.0507706256
3 0.4843537415 0.7724388033 0.0278911565 0.0679963735
3 0.1102040816 0.5385312783 0.0360544218 0.0308250227
3 0.7088435374 0.4143245694 0.0217687075 0.0244786945
3 0.8292517007 0.4125113327 0.0285714286 0.0371713509
3 0.7673469388 0.3825929284 0.0210884354 0.0190389846
4 0.7959183673 0.3925657298 0.0251700680 0.0317316410
4 0.8591836735 0.3998186763 0.0163265306 0.0217588395
4 0.5292517007 0.4406165005 0.0272108844 0.0344514959
4 0.1387755102 0.5929283772 0.0612244898 0.0389845875
4 0.2537414966 0.8902991840 0.0748299320 0.0598368087
1 0.9265306122 0.3508612874 0.0122448980 0.1251133273
6 0.9653061224 0.2892112421 0.0666666667 0.0235720762
