4 0.2987582684 0.4288922548 0.0334122181 0.0176843591
4 0.6297999024 0.4239145517 0.0296905972 0.0200624093
4 0.7103354931 0.4251831472 0.0261727534 0.0239865463
3 0.2497704625 0.4627240598 0.0338659696 0.0213698074
5 0.3259080350 0.5747621655 0.0272824783 0.0165309664
5 0.5375677347 0.5781257749 0.0277247895 0.0194980688
4 0.8945705891 0.5932006240 0.0301417913 0.0280771963
5 0.4326530612 0.5747960109 0.0374149660 0.0271985494
4 0.0306122449 0.5621033545 0.0210884354 0.0471441523
3 0.3707482993 0.4424297371 0.0183673469 0.0208522212
3 0.7278911565 0.4696282865 0.0217687075 0.0290117860
3 0.7462585034 0.4224841342 0.0278911565 0.0190389846
1 0.5687074830 0.3744333636 0.0149659864 0.1142339075
1 0.4394557823 0.3762466002 0.0251700680 0.1142339075
6 0.5068027211 0.3182230281 0.1190476190 0.0172257480
3 0.6238095238 0.4469628286 0.0224489796 0.0145058930
5 0.4897959184 0.4560290118 0.0244897959 0.0262919311
