3 0.3598639456 0.6192203083 0.0680272109 0.0634632820
3 0.7068027211 0.6409791478 0.0544217687 0.0525838622
3 0.9585034014 0.4324569356 0.0292517007 0.0462375340
3 0.8666666667 0.3608340888 0.0278911565 0.0326382593
3 0.4714285714 0.2520398912 0.0312925170 0.0371713509
3 0.3619047619 0.2493200363 0.0204081633 0.0126926564
3 0.1360544218 0.2810516772 0.0224489796 0.0253853128
3 0.0578231293 0.3227561197 0.0469387755 0.0271985494
3 0.4238095238 0.2239347235 0.0204081633 0.0172257480
4 0.9510204082 0.8096101541 0.0585034014 0.1042611061
4 0.0680272109 0.4451495920 0.0544217687 0.0643699003
4 0.1074829932 0.2656391659 0.0292517007 0.0154125113
4 0.0142857143 0.2792384406 0.0183673469 0.0235720762
4 0.3326530612 0.2357207616 0.0224489796 0.0181323663
4 0.3925170068 0.2320942883 0.0244897959 0.0172257480
