1 0.8367346939 0.4551223935 0.0129251701 0.1205802357
1 0.7108843537 0.4433363554 0.0163265306 0.1015412511
6 0.7782312925 0.4007252947 0.1170068027 0.0108794198
3 0.9448979592 0.5675430644 0.0272108844 0.0262919311
3 0.8612244898 0.5258386219 0.0142857143 0.0326382593
3 0.6353741497 0.4986400725 0.0136054422 0.0253853128
3 0.5353741497 0.5040797824 0.0176870748 0.0281051677
3 0.5816326531 0.4796010879 0.0040816327 0.0217588395
4 0.6013605442 0.4841341795 0.0122448980 0.0253853128
4 0.6571428571 0.4859474161 0.0149659864 0.0190389846
4 0.8795918367 0.5140525839 0.0217687075 0.0226654578
4 0.9435374150 0.6899365367 0.0278911565 0.0643699003
4 0.3659863946 0.5339981868 0.0231292517 0.0262919311
5 0.4965986395 0.5711695376 0.0244897959 0.0344514959
5 0.6258503401 0.5992747053 0.0149659864 0.0308250227
5 0.5578231293 0.5893019039 0.0238095238 0.0308250227
5 0.7115646259 0.5176790571 0.0306122449 0.0190389846
5 0.2530612245 0.7216681777 0.0285714286 0.0435176791
3 0.6591836735 0.8712601995 0.0428571429 0.0761559383
3 0.1591836735 0.6119673617 0.0265306122 0.0353581142
3 0.0734693878 0.6899365367 0.0428571429 0.0453309157
3 0.3156462585 0.9029918404 0.0374149660 0.0716228468
4 0.9828231293 0.5267452403 0.0343537415 0.0244786945
