5 0.4729939997 0.5262019038 0.0416094586 0.0182633922
5 0.6599927545 0.5666515231 0.0352955014 0.0214166958
3 0.0126982965 0.5919994712 0.0226741787 0.0209334772
1 0.8575020956 0.4194968553 0.0209555742 0.1062893082
6 0.9337803856 0.3735849057 0.1282481140 0.0264150943
5 0.5540653814 0.5408805031 0.0326906957 0.0220125786
5 0.4853310981 0.9553459119 0.1265716681 0.0773584906
4 0.2958927075 0.4817610063 0.0821458508 0.0289308176
4 0.6915339480 0.4396226415 0.0243084661 0.0169811321
4 0.7770326907 0.4509433962 0.0393964795 0.0132075472
3 0.5775356245 0.4597484277 0.0469404862 0.0213836478
3 0.7284157586 0.4578616352 0.0352053646 0.0320754717
5 0.8558256496 0.4943396226 0.0511316010 0.0283018868
