2 0.5629976581 0.1207327227 0.0843091335 0.2414654455
3 0.8295081967 0.0782681099 0.0168618267 0.0116569525
5 0.7264637002 0.1973355537 0.0313817330 0.0299750208
5 0.3288056206 0.2373022481 0.0229508197 0.0308076603
5 0.5297423888 0.2139883430 0.0187353630 0.0274771024
0 0.2281030445 0.5453788510 0.1428571429 0.2206494588
0 0.4894613583 0.0865945046 0.0238875878 0.0449625312
3 0.1152224824 0.1407160699 0.0206088993 0.0174854288
3 0.2950819672 0.1049125729 0.0145199063 0.0124895920
4 0.1957845433 0.0999167361 0.0107728337 0.0091590341
