1 0.5457340479 0.0462540276 0.0228867065 0.0879108608
4 0.6618979495 0.0788135593 0.0281354316 0.0237288136
4 0.8311437403 0.0796703297 0.0367078825 0.0192307692
3 0.9119010819 0.0776098901 0.0343894900 0.0178571429
3 0.9756568779 0.1744505495 0.0440494590 0.0185439560
0 0.4062947067 0.2364406780 0.0605627086 0.1042372881
1 0.2758887172 0.0473901099 0.0289799073 0.0947802198
4 0.1800618238 0.0913461538 0.0220247295 0.0164835165
5 0.3462132921 0.1490384615 0.0312982998 0.0199175824
3 0.1031684699 0.1256868132 0.0162287481 0.0116758242
3 0.6696290572 0.1146978022 0.0255023184 0.0192307692
4 0.0409582689 0.0982142857 0.0166151468 0.0144230769
