1 0.2616309524 0.0412230715 0.0295637473 0.0824461430
5 0.5326373577 0.2147265077 0.0471732467 0.0378192142
5 0.7248427868 0.2021607757 0.0395795517 0.0449294187
5 0.3256779015 0.2376564145 0.0446705632 0.0389056802
0 0.2341691405 0.5355579853 0.1292440891 0.1770659536
0 0.7023926581 0.4784382284 0.0881678138 0.1497668998
2 0.7548344805 0.4143356643 0.2563094068 0.2738927739
3 0.8207145198 0.0798368298 0.0206489676 0.0250582751
3 0.1166830547 0.1410256410 0.0321206162 0.0285547786
4 0.1982956408 0.1031468531 0.0235988201 0.0157342657
3 0.2933464438 0.1060606061 0.0167158309 0.0145687646
0 0.4903310390 0.0833333333 0.0213044903 0.0419580420
