1 0.9063814878 0.0729965195 0.0418375954 0.1459930390
2 0.7869052291 0.1965569556 0.0904251337 0.3150923252
5 0.3520593643 0.3513805270 0.0441028439 0.0440977104
5 0.5378972888 0.3240216374 0.0454239398 0.0369073190
5 0.7371571064 0.3042869866 0.0434978381 0.0412653275
0 0.7095834613 0.5873557925 0.0859042332 0.1338990927
0 0.2420381457 0.6405771375 0.1244184226 0.1870975047
0 0.5085557837 0.1946472019 0.0232717317 0.0346715328
3 0.1495550992 0.2682481752 0.0143737166 0.0194647202
3 0.3196440794 0.2268856448 0.0157426420 0.0176399027
