1 0.2611483932 0.0411805585 0.0298229549 0.0823611170
5 0.5301975608 0.2160133123 0.0463566259 0.0395176150
5 0.7281936407 0.2068615258 0.0386582203 0.0439741835
5 0.3255260885 0.2373034954 0.0446970053 0.0382740237
0 0.7020766735 0.4544205070 0.0820389390 0.1155416593
0 0.2339637876 0.5354995131 0.1280805022 0.1776521206
3 0.8220255654 0.0757575758 0.0216322517 0.0174825175
3 0.2959685349 0.1025641026 0.0134382170 0.0104895105
3 0.1147164864 0.1416083916 0.0098328417 0.0215617716
0 0.4883644707 0.0810023310 0.0239265814 0.0372960373
2 0.6588003933 0.1229603730 0.0875122911 0.2412587413
