3 0.2344782034 0.5492957746 0.0178335535 0.0129107981
3 0.4088507266 0.5140845070 0.0092470277 0.0164319249
3 0.4478203435 0.5375586854 0.0191545575 0.0117370892
2 0.5383091149 0.5211267606 0.0501981506 0.2053990610
0 0.7714663144 0.5481220657 0.0290620872 0.0481220657
5 0.6056803170 0.5715962441 0.0244385733 0.0152582160
3 0.9306472919 0.5762910798 0.0270805812 0.0164319249
5 0.0077608983 0.8908450704 0.0155217966 0.0892018779
4 0.9392338177 0.5481220657 0.0250990753 0.0140845070
4 0.5092470277 0.5199530516 0.0066050198 0.0129107981
3 0.3698811096 0.5093896714 0.0165125495 0.0117370892
